{"-10":{"P1":[[2.6899390038784063,0.23743166941017024,-7.4939628529151706E-19],[0.23743166941017024,2.4157765187443045,-5.2983232659345255E-19],[-7.4939628529151706E-19,-5.2983232659345255E-19,2.847611908673775]],"P2":[[15.190204454754728,0.043536510447567969,4.0672200128633108E-13],[0.043536510447567969,15.139934911304376,2.3481772903368275E-13],[4.0672200128633108E-13,2.3481772903368275E-13,15.324248988681706]],"Z1":[[[5.6119161911683539,1.8479187060429738],[3.2400413236407473,1.0668963623747381],[1.1867525025268925E-18,-6.5995628350071623E-19]],[[-8.7014354076970489E-18,-6.7785430934067431E-19],[-5.0237760794501572E-18,-3.9135940423845575E-19],[6.9439274662235508,2.1516121181324785]]],"Z2":[[[36.236485234985111,6.8041681624979491],[0.20908757805100472,0.019869641227014647],[3.5142463877786594E-13,1.9750397958379962E-13]],[[0.20908757805100472,0.019869641227014647],[35.995052247178521,6.78122566204898],[2.028674283162286E-13,1.1402693216215334E-13]],[[3.5142463877786594E-13,1.9750397958379962E-13],[2.028674283162286E-13,1.1402693216215334E-13],[36.457224842792876,6.8169135076870573]]],"K":[[[1.9850994013100807,1.146097678059109,1.1524106248736853E-18],[-2.440277757194318E-18,-1.3049120642860391E-18,2.438509069677814]],[[0.65366306125677254,0.37739254580662546,1.0482874063777742E-20],[-4.218996063733458E-20,7.8612619298935565E-21,0.75558474509068685]]],"L":[[[2.3854967020873983,0.0069505849096370108,-4.0497888059105712E-14],[0.0069505831150810165,2.3774705673331633,-2.3382770950124374E-14],[-4.0487561547574472E-14,-2.3376791072665923E-14,2.3790545866045192]],[[0.44793123909169813,2.4324943776183841E-5,1.089412805024064E-15],[2.4324949787722351E-5,0.44790315432350675,6.2893542651748307E-16],[9.9938193797303662E-16,5.7695728864759994E-16,0.44484486728987127]]]},"-100":{"P1":[[2.6899390038784063,0.23743166941017024,-7.4939628529151706E-19],[0.23743166941017024,2.4157765187443045,-5.2983232659345255E-19],[-7.4939628529151706E-19,-5.2983232659345255E-19,2.847611908673775]],"P2":[[15.190204454754728,0.043536510447567969,4.0672200128633108E-13],[0.043536510447567969,15.139934911304376,2.3481772903368275E-13],[4.0672200128633108E-13,2.3481772903368275E-13,15.324248988681706]],"Z1":[[[5.6119161911683539,1.8479187060429738],[3.2400413236407473,1.0668963623747381],[1.1867525025268925E-18,-6.5995628350071623E-19]],[[-8.7014354076970489E-18,-6.7785430934067431E-19],[-5.0237760794501572E-18,-3.9135940423845575E-19],[6.9439274662235508,2.1516121181324785]]],"Z2":[[[36.236485234985111,6.8041681624979491],[0.20908757805100472,0.019869641227014647],[3.5142463877786594E-13,1.9750397958379962E-13]],[[0.20908757805100472,0.019869641227014647],[35.995052247178521,6.78122566204898],[2.028674283162286E-13,1.1402693216215334E-13]],[[3.5142463877786594E-13,1.9750397958379962E-13],[2.028674283162286E-13,1.1402693216215334E-13],[36.457224842792876,6.8169135076870573]]],"K":[[[1.9850994013100807,1.146097678059109,1.1524106248736853E-18],[-2.440277757194318E-18,-1.3049120642860391E-18,2.438509069677814]],[[0.65366306125677254,0.37739254580662546,1.0482874063777742E-20],[-4.218996063733458E-20,7.8612619298935565E-21,0.75558474509068685]]],"L":[[[2.3854967020873983,0.0069505849096370108,-4.0497888059105712E-14],[0.0069505831150810165,2.3774705673331633,-2.3382770950124374E-14],[-4.0487561547574472E-14,-2.3376791072665923E-14,2.3790545866045192]],[[0.44793123909169813,2.4324943776183841E-5,1.089412805024064E-15],[2.4324949787722351E-5,0.44790315432350675,6.2893542651748307E-16],[9.9938193797303662E-16,5.7695728864759994E-16,0.44484486728987127]]]},"-110":{"P1":[[2.6899390038784063,0.23743166941017024,-7.4939628529151706E-19],[0.23743166941017024,2.4157765187443045,-5.2983232659345255E-19],[-7.4939628529151706E-19,-5.2983232659345255E-19,2.847611908673775]],"P2":[[15.190204454754728,0.043536510447567969,4.0672200128633108E-13],[0.043536510447567969,15.139934911304376,2.3481772903368275E-13],[4.0672200128633108E-13,2.3481772903368275E-13,15.324248988681706]],"Z1":[[[5.6119161911683539,1.8479187060429738],[3.2400413236407473,1.0668963623747381],[1.1867525025268925E-18,-6.5995628350071623E-19]],[[-8.7014354076970489E-18,-6.7785430934067431E-19],[-5.0237760794501572E-18,-3.9135940423845575E-19],[6.9439274662235508,2.1516121181324785]]],"Z2":[[[36.236485234985111,6.8041681624979491],[0.20908757805100472,0.019869641227014647],[3.5142463877786594E-13,1.9750397958379962E-13]],[[0.20908757805100472,0.019869641227014647],[35.995052247178521,6.78122566204898],[2.028674283162286E-13,1.1402693216215334E-13]],[[3.5142463877786594E-13,1.9750397958379962E-13],[2.028674283162286E-13,1.1402693216215334E-13],[36.457224842792876,6.8169135076870573]]],"K":[[[1.9850994013100807,1.146097678059109,1.1524106248736853E-18],[-2.440277757194318E-18,-1.3049120642860391E-18,2.438509069677814]],[[0.65366306125677254,0.37739254580662546,1.0482874063777742E-20],[-4.218996063733458E-20,7.8612619298935565E-21,0.75558474509068685]]],"L":[[[2.3854967020873983,0.0069505849096370108,-4.0497888059105712E-14],[0.0069505831150810165,2.3774705673331633,-2.3382770950124374E-14],[-4.0487561547574472E-14,-2.3376791072665923E-14,2.3790545866045192]],[[0.44793123909169813,2.4324943776183841E-5,1.089412805024064E-15],[2.4324949787722351E-5,0.44790315432350675,6.2893542651748307E-16],[9.9938193797303662E-16,5.7695728864759994E-16,0.44484486728987127]]]},"-120":{"P1":[[2.6899390038784063,0.23743166941017024,-7.4939628529151706E-19],[0.23743166941017024,2.4157765187443045,-5.2983232659345255E-19],[-7.4939628529151706E-19,-5.2983232659345255E-19,2.847611908673775]],"P2":[[15.190204454754728,0.043536510447567969,4.0672200128633108E-13],[0.043536510447567969,15.139934911304376,2.3481772903368275E-13],[4.0672200128633108E-13,2.3481772903368275E-13,15.324248988681706]],"Z1":[[[5.6119161911683539,1.8479187060429738],[3.2400413236407473,1.0668963623747381],[1.1867525025268925E-18,-6.5995628350071623E-19]],[[-8.7014354076970489E-18,-6.7785430934067431E-19],[-5.0237760794501572E-18,-3.9135940423845575E-19],[6.9439274662235508,2.1516121181324785]]],"Z2":[[[36.236485234985111,6.8041681624979491],[0.20908757805100472,0.019869641227014647],[3.5142463877786594E-13,1.9750397958379962E-13]],[[0.20908757805100472,0.019869641227014647],[35.995052247178521,6.78122566204898],[2.028674283162286E-13,1.1402693216215334E-13]],[[3.5142463877786594E-13,1.9750397958379962E-13],[2.028674283162286E-13,1.1402693216215334E-13],[36.457224842792876,6.8169135076870573]]],"K":[[[1.9850994013100807,1.146097678059109,1.1524106248736853E-18],[-2.440277757194318E-18,-1.3049120642860391E-18,2.438509069677814]],[[0.65366306125677254,0.37739254580662546,1.0482874063777742E-20],[-4.218996063733458E-20,7.8612619298935565E-21,0.75558474509068685]]],"L":[[[2.3854967020873983,0.0069505849096370108,-4.0497888059105712E-14],[0.0069505831150810165,2.3774705673331633,-2.3382770950124374E-14],[-4.0487561547574472E-14,-2.3376791072665923E-14,2.3790545866045192]],[[0.44793123909169813,2.4324943776183841E-5,1.089412805024064E-15],[2.4324949787722351E-5,0.44790315432350675,6.2893542651748307E-16],[9.9938193797303662E-16,5.7695728864759994E-16,0.44484486728987127]]]},"-130":{"P1":[[2.6899390038784063,0.23743166941017024,-7.4939628529151706E-19],[0.23743166941017024,2.4157765187443045,-5.2983232659345255E-19],[-7.4939628529151706E-19,-5.2983232659345255E-19,2.847611908673775]],"P2":[[15.190204454754728,0.043536510447567969,4.0672200128633108E-13],[0.043536510447567969,15.139934911304376,2.3481772903368275E-13],[4.0672200128633108E-13,2.3481772903368275E-13,15.324248988681706]],"Z1":[[[5.6119161911683539,1.8479187060429738],[3.2400413236407473,1.0668963623747381],[1.1867525025268925E-18,-6.5995628350071623E-19]],[[-8.7014354076970489E-18,-6.7785430934067431E-19],[-5.0237760794501572E-18,-3.9135940423845575E-19],[6.9439274662235508,2.1516121181324785]]],"Z2":[[[36.236485234985111,6.8041681624979491],[0.20908757805100472,0.019869641227014647],[3.5142463877786594E-13,1.9750397958379962E-13]],[[0.20908757805100472,0.019869641227014647],[35.995052247178521,6.78122566204898],[2.028674283162286E-13,1.1402693216215334E-13]],[[3.5142463877786594E-13,1.9750397958379962E-13],[2.028674283162286E-13,1.1402693216215334E-13],[36.457224842792876,6.8169135076870573]]],"K":[[[1.9850994013100807,1.146097678059109,1.1524106248736853E-18],[-2.440277757194318E-18,-1.3049120642860391E-18,2.438509069677814]],[[0.65366306125677254,0.37739254580662546,1.0482874063777742E-20],[-4.218996063733458E-20,7.8612619298935565E-21,0.75558474509068685]]],"L":[[[2.3854967020873983,0.0069505849096370108,-4.0497888059105712E-14],[0.0069505831150810165,2.3774705673331633,-2.3382770950124374E-14],[-4.0487561547574472E-14,-2.3376791072665923E-14,2.3790545866045192]],[[0.44793123909169813,2.4324943776183841E-5,1.089412805024064E-15],[2.4324949787722351E-5,0.44790315432350675,6.2893542651748307E-16],[9.9938193797303662E-16,5.7695728864759994E-16,0.44484486728987127]]]},"-140":{"P1":[[2.6899390038784063,0.23743166941017024,-7.4939628529151706E-19],[0.23743166941017024,2.4157765187443045,-5.2983232659345255E-19],[-7.4939628529151706E-19,-5.2983232659345255E-19,2.847611908673775]],"P2":[[15.190204454754728,0.043536510447567969,4.0672200128633108E-13],[0.043536510447567969,15.139934911304376,2.3481772903368275E-13],[4.0672200128633108E-13,2.3481772903368275E-13,15.324248988681706]],"Z1":[[[5.6119161911683539,1.8479187060429738],[3.2400413236407473,1.0668963623747381],[1.1867525025268925E-18,-6.5995628350071623E-19]],[[-8.7014354076970489E-18,-6.7785430934067431E-19],[-5.0237760794501572E-18,-3.9135940423845575E-19],[6.9439274662235508,2.1516121181324785]]],"Z2":[[[36.236485234985111,6.8041681624979491],[0.20908757805100472,0.019869641227014647],[3.5142463877786594E-13,1.9750397958379962E-13]],[[0.20908757805100472,0.019869641227014647],[35.995052247178521,6.78122566204898],[2.028674283162286E-13,1.1402693216215334E-13]],[[3.5142463877786594E-13,1.9750397958379962E-13],[2.028674283162286E-13,1.1402693216215334E-13],[36.457224842792876,6.8169135076870573]]],"K":[[[1.9850994013100807,1.146097678059109,1.1524106248736853E-18],[-2.440277757194318E-18,-1.3049120642860391E-18,2.438509069677814]],[[0.65366306125677254,0.37739254580662546,1.0482874063777742E-20],[-4.218996063733458E-20,7.8612619298935565E-21,0.75558474509068685]]],"L":[[[2.3854967020873983,0.0069505849096370108,-4.0497888059105712E-14],[0.0069505831150810165,2.3774705673331633,-2.3382770950124374E-14],[-4.0487561547574472E-14,-2.3376791072665923E-14,2.3790545866045192]],[[0.44793123909169813,2.4324943776183841E-5,1.089412805024064E-15],[2.4324949787722351E-5,0.44790315432350675,6.2893542651748307E-16],[9.9938193797303662E-16,5.7695728864759994E-16,0.44484486728987127]]]},"-150":{"P1":[[2.6899390038784063,0.23743166941017024,-7.4939628529151706E-19],[0.23743166941017024,2.4157765187443045,-5.2983232659345255E-19],[-7.4939628529151706E-19,-5.2983232659345255E-19,2.847611908673775]],"P2":[[15.190204454754728,0.043536510447567969,4.0672200128633108E-13],[0.043536510447567969,15.139934911304376,2.3481772903368275E-13],[4.0672200128633108E-13,2.3481772903368275E-13,15.324248988681706]],"Z1":[[[5.6119161911683539,1.8479187060429738],[3.2400413236407473,1.0668963623747381],[1.1867525025268925E-18,-6.5995628350071623E-19]],[[-8.7014354076970489E-18,-6.7785430934067431E-19],[-5.0237760794501572E-18,-3.9135940423845575E-19],[6.9439274662235508,2.1516121181324785]]],"Z2":[[[36.236485234985111,6.8041681624979491],[0.20908757805100472,0.019869641227014647],[3.5142463877786594E-13,1.9750397958379962E-13]],[[0.20908757805100472,0.019869641227014647],[35.995052247178521,6.78122566204898],[2.028674283162286E-13,1.1402693216215334E-13]],[[3.5142463877786594E-13,1.9750397958379962E-13],[2.028674283162286E-13,1.1402693216215334E-13],[36.457224842792876,6.8169135076870573]]],"K":[[[1.9850994013100807,1.146097678059109,1.1524106248736853E-18],[-2.440277757194318E-18,-1.3049120642860391E-18,2.438509069677814]],[[0.65366306125677254,0.37739254580662546,1.0482874063777742E-20],[-4.218996063733458E-20,7.8612619298935565E-21,0.75558474509068685]]],"L":[[[2.3854967020873983,0.0069505849096370108,-4.0497888059105712E-14],[0.0069505831150810165,2.3774705673331633,-2.3382770950124374E-14],[-4.0487561547574472E-14,-2.3376791072665923E-14,2.3790545866045192]],[[0.44793123909169813,2.4324943776183841E-5,1.089412805024064E-15],[2.4324949787722351E-5,0.44790315432350675,6.2893542651748307E-16],[9.9938193797303662E-16,5.7695728864759994E-16,0.44484486728987127]]]},"-160":{"P1":[[2.6899390038784063,0.23743166941017024,-7.4939628529151706E-19],[0.23743166941017024,2.4157765187443045,-5.2983232659345255E-19],[-7.4939628529151706E-19,-5.2983232659345255E-19,2.847611908673775]],"P2":[[15.190204454754728,0.043536510447567969,4.0672200128633108E-13],[0.043536510447567969,15.139934911304376,2.3481772903368275E-13],[4.0672200128633108E-13,2.3481772903368275E-13,15.324248988681706]],"Z1":[[[5.6119161911683539,1.8479187060429738],[3.2400413236407473,1.0668963623747381],[1.1867525025268925E-18,-6.5995628350071623E-19]],[[-8.7014354076970489E-18,-6.7785430934067431E-19],[-5.0237760794501572E-18,-3.9135940423845575E-19],[6.9439274662235508,2.1516121181324785]]],"Z2":[[[36.236485234985111,6.8041681624979491],[0.20908757805100472,0.019869641227014647],[3.5142463877786594E-13,1.9750397958379962E-13]],[[0.20908757805100472,0.019869641227014647],[35.995052247178521,6.78122566204898],[2.028674283162286E-13,1.1402693216215334E-13]],[[3.5142463877786594E-13,1.9750397958379962E-13],[2.028674283162286E-13,1.1402693216215334E-13],[36.457224842792876,6.8169135076870573]]],"K":[[[1.9850994013100807,1.146097678059109,1.1524106248736853E-18],[-2.440277757194318E-18,-1.3049120642860391E-18,2.438509069677814]],[[0.65366306125677254,0.37739254580662546,1.0482874063777742E-20],[-4.218996063733458E-20,7.8612619298935565E-21,0.75558474509068685]]],"L":[[[2.3854967020873983,0.0069505849096370108,-4.0497888059105712E-14],[0.0069505831150810165,2.3774705673331633,-2.3382770950124374E-14],[-4.0487561547574472E-14,-2.3376791072665923E-14,2.3790545866045192]],[[0.44793123909169813,2.4324943776183841E-5,1.089412805024064E-15],[2.4324949787722351E-5,0.44790315432350675,6.2893542651748307E-16],[9.9938193797303662E-16,5.7695728864759994E-16,0.44484486728987127]]]},"-170":{"P1":[[2.6899390038784063,0.23743166941017024,-7.4939628529151706E-19],[0.23743166941017024,2.4157765187443045,-5.2983232659345255E-19],[-7.4939628529151706E-19,-5.2983232659345255E-19,2.847611908673775]],"P2":[[15.190204454754728,0.043536510447567969,4.0672200128633108E-13],[0.043536510447567969,15.139934911304376,2.3481772903368275E-13],[4.0672200128633108E-13,2.3481772903368275E-13,15.324248988681706]],"Z1":[[[5.6119161911683539,1.8479187060429738],[3.2400413236407473,1.0668963623747381],[1.1867525025268925E-18,-6.5995628350071623E-19]],[[-8.7014354076970489E-18,-6.7785430934067431E-19],[-5.0237760794501572E-18,-3.9135940423845575E-19],[6.9439274662235508,2.1516121181324785]]],"Z2":[[[36.236485234985111,6.8041681624979491],[0.20908757805100472,0.019869641227014647],[3.5142463877786594E-13,1.9750397958379962E-13]],[[0.20908757805100472,0.019869641227014647],[35.995052247178521,6.78122566204898],[2.028674283162286E-13,1.1402693216215334E-13]],[[3.5142463877786594E-13,1.9750397958379962E-13],[2.028674283162286E-13,1.1402693216215334E-13],[36.457224842792876,6.8169135076870573]]],"K":[[[1.9850994013100807,1.146097678059109,1.1524106248736853E-18],[-2.440277757194318E-18,-1.3049120642860391E-18,2.438509069677814]],[[0.65366306125677254,0.37739254580662546,1.0482874063777742E-20],[-4.218996063733458E-20,7.8612619298935565E-21,0.75558474509068685]]],"L":[[[2.3854967020873983,0.0069505849096370108,-4.0497888059105712E-14],[0.0069505831150810165,2.3774705673331633,-2.3382770950124374E-14],[-4.0487561547574472E-14,-2.3376791072665923E-14,2.3790545866045192]],[[0.44793123909169813,2.4324943776183841E-5,1.089412805024064E-15],[2.4324949787722351E-5,0.44790315432350675,6.2893542651748307E-16],[9.9938193797303662E-16,5.7695728864759994E-16,0.44484486728987127]]]},"-20":{"P1":[[2.6899390038784063,0.23743166941017024,-7.4939628529151706E-19],[0.23743166941017024,2.4157765187443045,-5.2983232659345255E-19],[-7.4939628529151706E-19,-5.2983232659345255E-19,2.847611908673775]],"P2":[[15.190204454754728,0.043536510447567969,4.0672200128633108E-13],[0.043536510447567969,15.139934911304376,2.3481772903368275E-13],[4.0672200128633108E-13,2.3481772903368275E-13,15.324248988681706]],"Z1":[[[5.6119161911683539,1.8479187060429738],[3.2400413236407473,1.0668963623747381],[1.1867525025268925E-18,-6.5995628350071623E-19]],[[-8.7014354076970489E-18,-6.7785430934067431E-19],[-5.0237760794501572E-18,-3.9135940423845575E-19],[6.9439274662235508,2.1516121181324785]]],"Z2":[[[36.236485234985111,6.8041681624979491],[0.20908757805100472,0.019869641227014647],[3.5142463877786594E-13,1.9750397958379962E-13]],[[0.20908757805100472,0.019869641227014647],[35.995052247178521,6.78122566204898],[2.028674283162286E-13,1.1402693216215334E-13]],[[3.5142463877786594E-13,1.9750397958379962E-13],[2.028674283162286E-13,1.1402693216215334E-13],[36.457224842792876,6.8169135076870573]]],"K":[[[1.9850994013100807,1.146097678059109,1.1524106248736853E-18],[-2.440277757194318E-18,-1.3049120642860391E-18,2.438509069677814]],[[0.65366306125677254,0.37739254580662546,1.0482874063777742E-20],[-4.218996063733458E-20,7.8612619298935565E-21,0.75558474509068685]]],"L":[[[2.3854967020873983,0.0069505849096370108,-4.0497888059105712E-14],[0.0069505831150810165,2.3774705673331633,-2.3382770950124374E-14],[-4.0487561547574472E-14,-2.3376791072665923E-14,2.3790545866045192]],[[0.44793123909169813,2.4324943776183841E-5,1.089412805024064E-15],[2.4324949787722351E-5,0.44790315432350675,6.2893542651748307E-16],[9.9938193797303662E-16,5.7695728864759994E-16,0.44484486728987127]]]},"-30":{"P1":[[2.6899390038784063,0.23743166941017024,-7.4939628529151706E-19],[0.23743166941017024,2.4157765187443045,-5.2983232659345255E-19],[-7.4939628529151706E-19,-5.2983232659345255E-19,2.847611908673775]],"P2":[[15.190204454754728,0.043536510447567969,4.0672200128633108E-13],[0.043536510447567969,15.139934911304376,2.3481772903368275E-13],[4.0672200128633108E-13,2.3481772903368275E-13,15.324248988681706]],"Z1":[[[5.6119161911683539,1.8479187060429738],[3.2400413236407473,1.0668963623747381],[1.1867525025268925E-18,-6.5995628350071623E-19]],[[-8.7014354076970489E-18,-6.7785430934067431E-19],[-5.0237760794501572E-18,-3.9135940423845575E-19],[6.9439274662235508,2.1516121181324785]]],"Z2":[[[36.236485234985111,6.8041681624979491],[0.20908757805100472,0.019869641227014647],[3.5142463877786594E-13,1.9750397958379962E-13]],[[0.20908757805100472,0.019869641227014647],[35.995052247178521,6.78122566204898],[2.028674283162286E-13,1.1402693216215334E-13]],[[3.5142463877786594E-13,1.9750397958379962E-13],[2.028674283162286E-13,1.1402693216215334E-13],[36.457224842792876,6.8169135076870573]]],"K":[[[1.9850994013100807,1.146097678059109,1.1524106248736853E-18],[-2.440277757194318E-18,-1.3049120642860391E-18,2.438509069677814]],[[0.65366306125677254,0.37739254580662546,1.0482874063777742E-20],[-4.218996063733458E-20,7.8612619298935565E-21,0.75558474509068685]]],"L":[[[2.3854967020873983,0.0069505849096370108,-4.0497888059105712E-14],[0.0069505831150810165,2.3774705673331633,-2.3382770950124374E-14],[-4.0487561547574472E-14,-2.3376791072665923E-14,2.3790545866045192]],[[0.44793123909169813,2.4324943776183841E-5,1.089412805024064E-15],[2.4324949787722351E-5,0.44790315432350675,6.2893542651748307E-16],[9.9938193797303662E-16,5.7695728864759994E-16,0.44484486728987127]]]},"-40":{"P1":[[2.6899390038784063,0.23743166941017024,-7.4939628529151706E-19],[0.23743166941017024,2.4157765187443045,-5.2983232659345255E-19],[-7.4939628529151706E-19,-5.2983232659345255E-19,2.847611908673775]],"P2":[[15.190204454754728,0.043536510447567969,4.0672200128633108E-13],[0.043536510447567969,15.139934911304376,2.3481772903368275E-13],[4.0672200128633108E-13,2.3481772903368275E-13,15.324248988681706]],"Z1":[[[5.6119161911683539,1.8479187060429738],[3.2400413236407473,1.0668963623747381],[1.1867525025268925E-18,-6.5995628350071623E-19]],[[-8.7014354076970489E-18,-6.7785430934067431E-19],[-5.0237760794501572E-18,-3.9135940423845575E-19],[6.9439274662235508,2.1516121181324785]]],"Z2":[[[36.236485234985111,6.8041681624979491],[0.20908757805100472,0.019869641227014647],[3.5142463877786594E-13,1.9750397958379962E-13]],[[0.20908757805100472,0.019869641227014647],[35.995052247178521,6.78122566204898],[2.028674283162286E-13,1.1402693216215334E-13]],[[3.5142463877786594E-13,1.9750397958379962E-13],[2.028674283162286E-13,1.1402693216215334E-13],[36.457224842792876,6.8169135076870573]]],"K":[[[1.9850994013100807,1.146097678059109,1.1524106248736853E-18],[-2.440277757194318E-18,-1.3049120642860391E-18,2.438509069677814]],[[0.65366306125677254,0.37739254580662546,1.0482874063777742E-20],[-4.218996063733458E-20,7.8612619298935565E-21,0.75558474509068685]]],"L":[[[2.3854967020873983,0.0069505849096370108,-4.0497888059105712E-14],[0.0069505831150810165,2.3774705673331633,-2.3382770950124374E-14],[-4.0487561547574472E-14,-2.3376791072665923E-14,2.3790545866045192]],[[0.44793123909169813,2.4324943776183841E-5,1.089412805024064E-15],[2.4324949787722351E-5,0.44790315432350675,6.2893542651748307E-16],[9.9938193797303662E-16,5.7695728864759994E-16,0.44484486728987127]]]},"-50":{"P1":[[2.6899390038784063,0.23743166941017024,-7.4939628529151706E-19],[0.23743166941017024,2.4157765187443045,-5.2983232659345255E-19],[-7.4939628529151706E-19,-5.2983232659345255E-19,2.847611908673775]],"P2":[[15.190204454754728,0.043536510447567969,4.0672200128633108E-13],[0.043536510447567969,15.139934911304376,2.3481772903368275E-13],[4.0672200128633108E-13,2.3481772903368275E-13,15.324248988681706]],"Z1":[[[5.6119161911683539,1.8479187060429738],[3.2400413236407473,1.0668963623747381],[1.1867525025268925E-18,-6.5995628350071623E-19]],[[-8.7014354076970489E-18,-6.7785430934067431E-19],[-5.0237760794501572E-18,-3.9135940423845575E-19],[6.9439274662235508,2.1516121181324785]]],"Z2":[[[36.236485234985111,6.8041681624979491],[0.20908757805100472,0.019869641227014647],[3.5142463877786594E-13,1.9750397958379962E-13]],[[0.20908757805100472,0.019869641227014647],[35.995052247178521,6.78122566204898],[2.028674283162286E-13,1.1402693216215334E-13]],[[3.5142463877786594E-13,1.9750397958379962E-13],[2.028674283162286E-13,1.1402693216215334E-13],[36.457224842792876,6.8169135076870573]]],"K":[[[1.9850994013100807,1.146097678059109,1.1524106248736853E-18],[-2.440277757194318E-18,-1.3049120642860391E-18,2.438509069677814]],[[0.65366306125677254,0.37739254580662546,1.0482874063777742E-20],[-4.218996063733458E-20,7.8612619298935565E-21,0.75558474509068685]]],"L":[[[2.3854967020873983,0.0069505849096370108,-4.0497888059105712E-14],[0.0069505831150810165,2.3774705673331633,-2.3382770950124374E-14],[-4.0487561547574472E-14,-2.3376791072665923E-14,2.3790545866045192]],[[0.44793123909169813,2.4324943776183841E-5,1.089412805024064E-15],[2.4324949787722351E-5,0.44790315432350675,6.2893542651748307E-16],[9.9938193797303662E-16,5.7695728864759994E-16,0.44484486728987127]]]},"-60":{"P1":[[2.6899390038784063,0.23743166941017024,-7.4939628529151706E-19],[0.23743166941017024,2.4157765187443045,-5.2983232659345255E-19],[-7.4939628529151706E-19,-5.2983232659345255E-19,2.847611908673775]],"P2":[[15.190204454754728,0.043536510447567969,4.0672200128633108E-13],[0.043536510447567969,15.139934911304376,2.3481772903368275E-13],[4.0672200128633108E-13,2.3481772903368275E-13,15.324248988681706]],"Z1":[[[5.6119161911683539,1.8479187060429738],[3.2400413236407473,1.0668963623747381],[1.1867525025268925E-18,-6.5995628350071623E-19]],[[-8.7014354076970489E-18,-6.7785430934067431E-19],[-5.0237760794501572E-18,-3.9135940423845575E-19],[6.9439274662235508,2.1516121181324785]]],"Z2":[[[36.236485234985111,6.8041681624979491],[0.20908757805100472,0.019869641227014647],[3.5142463877786594E-13,1.9750397958379962E-13]],[[0.20908757805100472,0.019869641227014647],[35.995052247178521,6.78122566204898],[2.028674283162286E-13,1.1402693216215334E-13]],[[3.5142463877786594E-13,1.9750397958379962E-13],[2.028674283162286E-13,1.1402693216215334E-13],[36.457224842792876,6.8169135076870573]]],"K":[[[1.9850994013100807,1.146097678059109,1.1524106248736853E-18],[-2.440277757194318E-18,-1.3049120642860391E-18,2.438509069677814]],[[0.65366306125677254,0.37739254580662546,1.0482874063777742E-20],[-4.218996063733458E-20,7.8612619298935565E-21,0.75558474509068685]]],"L":[[[2.3854967020873983,0.0069505849096370108,-4.0497888059105712E-14],[0.0069505831150810165,2.3774705673331633,-2.3382770950124374E-14],[-4.0487561547574472E-14,-2.3376791072665923E-14,2.3790545866045192]],[[0.44793123909169813,2.4324943776183841E-5,1.089412805024064E-15],[2.4324949787722351E-5,0.44790315432350675,6.2893542651748307E-16],[9.9938193797303662E-16,5.7695728864759994E-16,0.44484486728987127]]]},"-70":{"P1":[[2.6899390038784063,0.23743166941017024,-7.4939628529151706E-19],[0.23743166941017024,2.4157765187443045,-5.2983232659345255E-19],[-7.4939628529151706E-19,-5.2983232659345255E-19,2.847611908673775]],"P2":[[15.190204454754728,0.043536510447567969,4.0672200128633108E-13],[0.043536510447567969,15.139934911304376,2.3481772903368275E-13],[4.0672200128633108E-13,2.3481772903368275E-13,15.324248988681706]],"Z1":[[[5.6119161911683539,1.8479187060429738],[3.2400413236407473,1.0668963623747381],[1.1867525025268925E-18,-6.5995628350071623E-19]],[[-8.7014354076970489E-18,-6.7785430934067431E-19],[-5.0237760794501572E-18,-3.9135940423845575E-19],[6.9439274662235508,2.1516121181324785]]],"Z2":[[[36.236485234985111,6.8041681624979491],[0.20908757805100472,0.019869641227014647],[3.5142463877786594E-13,1.9750397958379962E-13]],[[0.20908757805100472,0.019869641227014647],[35.995052247178521,6.78122566204898],[2.028674283162286E-13,1.1402693216215334E-13]],[[3.5142463877786594E-13,1.9750397958379962E-13],[2.028674283162286E-13,1.1402693216215334E-13],[36.457224842792876,6.8169135076870573]]],"K":[[[1.9850994013100807,1.146097678059109,1.1524106248736853E-18],[-2.440277757194318E-18,-1.3049120642860391E-18,2.438509069677814]],[[0.65366306125677254,0.37739254580662546,1.0482874063777742E-20],[-4.218996063733458E-20,7.8612619298935565E-21,0.75558474509068685]]],"L":[[[2.3854967020873983,0.0069505849096370108,-4.0497888059105712E-14],[0.0069505831150810165,2.3774705673331633,-2.3382770950124374E-14],[-4.0487561547574472E-14,-2.3376791072665923E-14,2.3790545866045192]],[[0.44793123909169813,2.4324943776183841E-5,1.089412805024064E-15],[2.4324949787722351E-5,0.44790315432350675,6.2893542651748307E-16],[9.9938193797303662E-16,5.7695728864759994E-16,0.44484486728987127]]]},"-80":{"P1":[[2.6899390038784063,0.23743166941017024,-7.4939628529151706E-19],[0.23743166941017024,2.4157765187443045,-5.2983232659345255E-19],[-7.4939628529151706E-19,-5.2983232659345255E-19,2.847611908673775]],"P2":[[15.190204454754728,0.043536510447567969,4.0672200128633108E-13],[0.043536510447567969,15.139934911304376,2.3481772903368275E-13],[4.0672200128633108E-13,2.3481772903368275E-13,15.324248988681706]],"Z1":[[[5.6119161911683539,1.8479187060429738],[3.2400413236407473,1.0668963623747381],[1.1867525025268925E-18,-6.5995628350071623E-19]],[[-8.7014354076970489E-18,-6.7785430934067431E-19],[-5.0237760794501572E-18,-3.9135940423845575E-19],[6.9439274662235508,2.1516121181324785]]],"Z2":[[[36.236485234985111,6.8041681624979491],[0.20908757805100472,0.019869641227014647],[3.5142463877786594E-13,1.9750397958379962E-13]],[[0.20908757805100472,0.019869641227014647],[35.995052247178521,6.78122566204898],[2.028674283162286E-13,1.1402693216215334E-13]],[[3.5142463877786594E-13,1.9750397958379962E-13],[2.028674283162286E-13,1.1402693216215334E-13],[36.457224842792876,6.8169135076870573]]],"K":[[[1.9850994013100807,1.146097678059109,1.1524106248736853E-18],[-2.440277757194318E-18,-1.3049120642860391E-18,2.438509069677814]],[[0.65366306125677254,0.37739254580662546,1.0482874063777742E-20],[-4.218996063733458E-20,7.8612619298935565E-21,0.75558474509068685]]],"L":[[[2.3854967020873983,0.0069505849096370108,-4.0497888059105712E-14],[0.0069505831150810165,2.3774705673331633,-2.3382770950124374E-14],[-4.0487561547574472E-14,-2.3376791072665923E-14,2.3790545866045192]],[[0.44793123909169813,2.4324943776183841E-5,1.089412805024064E-15],[2.4324949787722351E-5,0.44790315432350675,6.2893542651748307E-16],[9.9938193797303662E-16,5.7695728864759994E-16,0.44484486728987127]]]},"-90":{"P1":[[2.6899390038784063,0.23743166941017024,-7.4939628529151706E-19],[0.23743166941017024,2.4157765187443045,-5.2983232659345255E-19],[-7.4939628529151706E-19,-5.2983232659345255E-19,2.847611908673775]],"P2":[[15.190204454754728,0.043536510447567969,4.0672200128633108E-13],[0.043536510447567969,15.139934911304376,2.3481772903368275E-13],[4.0672200128633108E-13,2.3481772903368275E-13,15.324248988681706]],"Z1":[[[5.6119161911683539,1.8479187060429738],[3.2400413236407473,1.0668963623747381],[1.1867525025268925E-18,-6.5995628350071623E-19]],[[-8.7014354076970489E-18,-6.7785430934067431E-19],[-5.0237760794501572E-18,-3.9135940423845575E-19],[6.9439274662235508,2.1516121181324785]]],"Z2":[[[36.236485234985111,6.8041681624979491],[0.20908757805100472,0.019869641227014647],[3.5142463877786594E-13,1.9750397958379962E-13]],[[0.20908757805100472,0.019869641227014647],[35.995052247178521,6.78122566204898],[2.028674283162286E-13,1.1402693216215334E-13]],[[3.5142463877786594E-13,1.9750397958379962E-13],[2.028674283162286E-13,1.1402693216215334E-13],[36.457224842792876,6.8169135076870573]]],"K":[[[1.9850994013100807,1.146097678059109,1.1524106248736853E-18],[-2.440277757194318E-18,-1.3049120642860391E-18,2.438509069677814]],[[0.65366306125677254,0.37739254580662546,1.0482874063777742E-20],[-4.218996063733458E-20,7.8612619298935565E-21,0.75558474509068685]]],"L":[[[2.3854967020873983,0.0069505849096370108,-4.0497888059105712E-14],[0.0069505831150810165,2.3774705673331633,-2.3382770950124374E-14],[-4.0487561547574472E-14,-2.3376791072665923E-14,2.3790545866045192]],[[0.44793123909169813,2.4324943776183841E-5,1.089412805024064E-15],[2.4324949787722351E-5,0.44790315432350675,6.2893542651748307E-16],[9.9938193797303662E-16,5.7695728864759994E-16,0.44484486728987127]]]},"0":{"P1":[[2.6899390038784063,0.23743166941017024,-7.4939628529151706E-19],[0.23743166941017024,2.4157765187443045,-5.2983232659345255E-19],[-7.4939628529151706E-19,-5.2983232659345255E-19,2.847611908673775]],"P2":[[15.190204454754728,0.043536510447567969,4.0672200128633108E-13],[0.043536510447567969,15.139934911304376,2.3481772903368275E-13],[4.0672200128633108E-13,2.3481772903368275E-13,15.324248988681706]],"Z1":[[[5.6119161911683539,1.8479187060429738],[3.2400413236407473,1.0668963623747381],[1.1867525025268925E-18,-6.5995628350071623E-19]],[[-8.7014354076970489E-18,-6.7785430934067431E-19],[-5.0237760794501572E-18,-3.9135940423845575E-19],[6.9439274662235508,2.1516121181324785]]],"Z2":[[[36.236485234985111,6.8041681624979491],[0.20908757805100472,0.019869641227014647],[3.5142463877786594E-13,1.9750397958379962E-13]],[[0.20908757805100472,0.019869641227014647],[35.995052247178521,6.78122566204898],[2.028674283162286E-13,1.1402693216215334E-13]],[[3.5142463877786594E-13,1.9750397958379962E-13],[2.028674283162286E-13,1.1402693216215334E-13],[36.457224842792876,6.8169135076870573]]],"K":[[[1.9850994013100807,1.146097678059109,1.1524106248736853E-18],[-2.440277757194318E-18,-1.3049120642860391E-18,2.438509069677814]],[[0.65366306125677254,0.37739254580662546,1.0482874063777742E-20],[-4.218996063733458E-20,7.8612619298935565E-21,0.75558474509068685]]],"L":[[[2.3854967020873983,0.0069505849096370108,-4.0497888059105712E-14],[0.0069505831150810165,2.3774705673331633,-2.3382770950124374E-14],[-4.0487561547574472E-14,-2.3376791072665923E-14,2.3790545866045192]],[[0.44793123909169813,2.4324943776183841E-5,1.089412805024064E-15],[2.4324949787722351E-5,0.44790315432350675,6.2893542651748307E-16],[9.9938193797303662E-16,5.7695728864759994E-16,0.44484486728987127]]]},"10":{"P1":[[2.6899390038784063,0.23743166941017024,-7.4939628529151706E-19],[0.23743166941017024,2.4157765187443045,-5.2983232659345255E-19],[-7.4939628529151706E-19,-5.2983232659345255E-19,2.847611908673775]],"P2":[[15.190204454754728,0.043536510447567969,4.0672200128633108E-13],[0.043536510447567969,15.139934911304376,2.3481772903368275E-13],[4.0672200128633108E-13,2.3481772903368275E-13,15.324248988681706]],"Z1":[[[5.6119161911683539,1.8479187060429738],[3.2400413236407473,1.0668963623747381],[1.1867525025268925E-18,-6.5995628350071623E-19]],[[-8.7014354076970489E-18,-6.7785430934067431E-19],[-5.0237760794501572E-18,-3.9135940423845575E-19],[6.9439274662235508,2.1516121181324785]]],"Z2":[[[36.236485234985111,6.8041681624979491],[0.20908757805100472,0.019869641227014647],[3.5142463877786594E-13,1.9750397958379962E-13]],[[0.20908757805100472,0.019869641227014647],[35.995052247178521,6.78122566204898],[2.028674283162286E-13,1.1402693216215334E-13]],[[3.5142463877786594E-13,1.9750397958379962E-13],[2.028674283162286E-13,1.1402693216215334E-13],[36.457224842792876,6.8169135076870573]]],"K":[[[1.9850994013100807,1.146097678059109,1.1524106248736853E-18],[-2.440277757194318E-18,-1.3049120642860391E-18,2.438509069677814]],[[0.65366306125677254,0.37739254580662546,1.0482874063777742E-20],[-4.218996063733458E-20,7.8612619298935565E-21,0.75558474509068685]]],"L":[[[2.3854967020873983,0.0069505849096370108,-4.0497888059105712E-14],[0.0069505831150810165,2.3774705673331633,-2.3382770950124374E-14],[-4.0487561547574472E-14,-2.3376791072665923E-14,2.3790545866045192]],[[0.44793123909169813,2.4324943776183841E-5,1.089412805024064E-15],[2.4324949787722351E-5,0.44790315432350675,6.2893542651748307E-16],[9.9938193797303662E-16,5.7695728864759994E-16,0.44484486728987127]]]},"100":{"P1":[[2.6899390038784063,0.23743166941017024,-7.4939628529151706E-19],[0.23743166941017024,2.4157765187443045,-5.2983232659345255E-19],[-7.4939628529151706E-19,-5.2983232659345255E-19,2.847611908673775]],"P2":[[15.190204454754728,0.043536510447567969,4.0672200128633108E-13],[0.043536510447567969,15.139934911304376,2.3481772903368275E-13],[4.0672200128633108E-13,2.3481772903368275E-13,15.324248988681706]],"Z1":[[[5.6119161911683539,1.8479187060429738],[3.2400413236407473,1.0668963623747381],[1.1867525025268925E-18,-6.5995628350071623E-19]],[[-8.7014354076970489E-18,-6.7785430934067431E-19],[-5.0237760794501572E-18,-3.9135940423845575E-19],[6.9439274662235508,2.1516121181324785]]],"Z2":[[[36.236485234985111,6.8041681624979491],[0.20908757805100472,0.019869641227014647],[3.5142463877786594E-13,1.9750397958379962E-13]],[[0.20908757805100472,0.019869641227014647],[35.995052247178521,6.78122566204898],[2.028674283162286E-13,1.1402693216215334E-13]],[[3.5142463877786594E-13,1.9750397958379962E-13],[2.028674283162286E-13,1.1402693216215334E-13],[36.457224842792876,6.8169135076870573]]],"K":[[[1.9850994013100807,1.146097678059109,1.1524106248736853E-18],[-2.440277757194318E-18,-1.3049120642860391E-18,2.438509069677814]],[[0.65366306125677254,0.37739254580662546,1.0482874063777742E-20],[-4.218996063733458E-20,7.8612619298935565E-21,0.75558474509068685]]],"L":[[[2.3854967020873983,0.0069505849096370108,-4.0497888059105712E-14],[0.0069505831150810165,2.3774705673331633,-2.3382770950124374E-14],[-4.0487561547574472E-14,-2.3376791072665923E-14,2.3790545866045192]],[[0.44793123909169813,2.4324943776183841E-5,1.089412805024064E-15],[2.4324949787722351E-5,0.44790315432350675,6.2893542651748307E-16],[9.9938193797303662E-16,5.7695728864759994E-16,0.44484486728987127]]]},"110":{"P1":[[2.6899390038784063,0.23743166941017024,-7.4939628529151706E-19],[0.23743166941017024,2.4157765187443045,-5.2983232659345255E-19],[-7.4939628529151706E-19,-5.2983232659345255E-19,2.847611908673775]],"P2":[[15.190204454754728,0.043536510447567969,4.0672200128633108E-13],[0.043536510447567969,15.139934911304376,2.3481772903368275E-13],[4.0672200128633108E-13,2.3481772903368275E-13,15.324248988681706]],"Z1":[[[5.6119161911683539,1.8479187060429738],[3.2400413236407473,1.0668963623747381],[1.1867525025268925E-18,-6.5995628350071623E-19]],[[-8.7014354076970489E-18,-6.7785430934067431E-19],[-5.0237760794501572E-18,-3.9135940423845575E-19],[6.9439274662235508,2.1516121181324785]]],"Z2":[[[36.236485234985111,6.8041681624979491],[0.20908757805100472,0.019869641227014647],[3.5142463877786594E-13,1.9750397958379962E-13]],[[0.20908757805100472,0.019869641227014647],[35.995052247178521,6.78122566204898],[2.028674283162286E-13,1.1402693216215334E-13]],[[3.5142463877786594E-13,1.9750397958379962E-13],[2.028674283162286E-13,1.1402693216215334E-13],[36.457224842792876,6.8169135076870573]]],"K":[[[1.9850994013100807,1.146097678059109,1.1524106248736853E-18],[-2.440277757194318E-18,-1.3049120642860391E-18,2.438509069677814]],[[0.65366306125677254,0.37739254580662546,1.0482874063777742E-20],[-4.218996063733458E-20,7.8612619298935565E-21,0.75558474509068685]]],"L":[[[2.3854967020873983,0.0069505849096370108,-4.0497888059105712E-14],[0.0069505831150810165,2.3774705673331633,-2.3382770950124374E-14],[-4.0487561547574472E-14,-2.3376791072665923E-14,2.3790545866045192]],[[0.44793123909169813,2.4324943776183841E-5,1.089412805024064E-15],[2.4324949787722351E-5,0.44790315432350675,6.2893542651748307E-16],[9.9938193797303662E-16,5.7695728864759994E-16,0.44484486728987127]]]},"120":{"P1":[[2.6899390038784063,0.23743166941017024,-7.4939628529151706E-19],[0.23743166941017024,2.4157765187443045,-5.2983232659345255E-19],[-7.4939628529151706E-19,-5.2983232659345255E-19,2.847611908673775]],"P2":[[15.190204454754728,0.043536510447567969,4.0672200128633108E-13],[0.043536510447567969,15.139934911304376,2.3481772903368275E-13],[4.0672200128633108E-13,2.3481772903368275E-13,15.324248988681706]],"Z1":[[[5.6119161911683539,1.8479187060429738],[3.2400413236407473,1.0668963623747381],[1.1867525025268925E-18,-6.5995628350071623E-19]],[[-8.7014354076970489E-18,-6.7785430934067431E-19],[-5.0237760794501572E-18,-3.9135940423845575E-19],[6.9439274662235508,2.1516121181324785]]],"Z2":[[[36.236485234985111,6.8041681624979491],[0.20908757805100472,0.019869641227014647],[3.5142463877786594E-13,1.9750397958379962E-13]],[[0.20908757805100472,0.019869641227014647],[35.995052247178521,6.78122566204898],[2.028674283162286E-13,1.1402693216215334E-13]],[[3.5142463877786594E-13,1.9750397958379962E-13],[2.028674283162286E-13,1.1402693216215334E-13],[36.457224842792876,6.8169135076870573]]],"K":[[[1.9850994013100807,1.146097678059109,1.1524106248736853E-18],[-2.440277757194318E-18,-1.3049120642860391E-18,2.438509069677814]],[[0.65366306125677254,0.37739254580662546,1.0482874063777742E-20],[-4.218996063733458E-20,7.8612619298935565E-21,0.75558474509068685]]],"L":[[[2.3854967020873983,0.0069505849096370108,-4.0497888059105712E-14],[0.0069505831150810165,2.3774705673331633,-2.3382770950124374E-14],[-4.0487561547574472E-14,-2.3376791072665923E-14,2.3790545866045192]],[[0.44793123909169813,2.4324943776183841E-5,1.089412805024064E-15],[2.4324949787722351E-5,0.44790315432350675,6.2893542651748307E-16],[9.9938193797303662E-16,5.7695728864759994E-16,0.44484486728987127]]]},"130":{"P1":[[2.6899390038784063,0.23743166941017024,-7.4939628529151706E-19],[0.23743166941017024,2.4157765187443045,-5.2983232659345255E-19],[-7.4939628529151706E-19,-5.2983232659345255E-19,2.847611908673775]],"P2":[[15.190204454754728,0.043536510447567969,4.0672200128633108E-13],[0.043536510447567969,15.139934911304376,2.3481772903368275E-13],[4.0672200128633108E-13,2.3481772903368275E-13,15.324248988681706]],"Z1":[[[5.6119161911683539,1.8479187060429738],[3.2400413236407473,1.0668963623747381],[1.1867525025268925E-18,-6.5995628350071623E-19]],[[-8.7014354076970489E-18,-6.7785430934067431E-19],[-5.023776